             precision    recall  f1-score   support

      b'AT'       0.92      0.93      0.93     17192
   b'NP-TL'       0.66      0.45      0.53       334
   b'NN-TL'       0.77      0.76      0.76      1056
   b'JJ-TL'       0.81      0.62      0.70       276
     b'VBD'       0.89      0.97      0.93     10607
      b'NR'       0.95      0.78      0.86       329
      b'NN'       0.92      0.93      0.92     25750
      b'IN'       0.80      0.89      0.85     19273
     b'NP$'       0.43      0.24      0.31       597
      b'JJ'       0.82      0.88      0.85      9751
      b'``'       0.78      0.86      0.82      3353
      b"''"       0.91      0.63      0.74      3344
      b'CS'       0.92      0.84      0.88      4201
     b'DTI'       1.00      0.83      0.91       482
     b'NNS'       0.97      0.93      0.95      7076
       b'.'       0.98      0.95      0.96     16687
     b'RBR'       0.82      0.55      0.66       301
       b','       0.60      0.67      0.64     12292
     b'WDT'       0.99      0.97      0.98       945
     b'HVD'       0.99      1.00      1.00      2025
     b'VBZ'       0.81      0.92      0.86       477
      b'CC'       0.60      0.54      0.57      7438
   b'IN-TL'       0.67      0.36      0.47        50
    b'BEDZ'       1.00      1.00      1.00      3217
     b'VBN'       0.94      0.65      0.77      4580
      b'NP'       0.91      0.88      0.89      6729
     b'BEN'       1.00      1.00      1.00       540
      b'TO'       0.80      0.86      0.83      2969
      b'VB'       0.92      0.91      0.91      7737
      b'RB'       0.90      0.85      0.87      9303
      b'DT'       0.92      0.90      0.91      1693
     b'PPS'       0.98      1.00      0.99      6715
     b'DOD'       1.00      1.00      1.00       340
      b'AP'       0.75      0.87      0.81      1498
     b'BER'       1.00      0.98      0.99       256
      b'HV'       1.00      1.00      1.00       734
     b'DTS'       1.00      0.98      0.99       260
     b'VBG'       0.92      0.90      0.91      4344
     b'PPO'       0.98      0.86      0.92      4747
      b'QL'       0.74      0.75      0.75      1528
     b'JJT'       0.96      0.96      0.96       146
     b'ABX'       1.00      0.91      0.95       101
   b'NN-HL'       0.03      0.08      0.05        13
  b'VBN-HL'       0.00      0.00      0.00         0
     b'WRB'       0.99      0.92      0.95      1213
      b'CD'       0.65      0.93      0.76      1452
      b'MD'       0.97      1.00      0.98      2177
      b'BE'       1.00      1.00      1.00       872
     b'JJR'       0.81      0.80      0.81       302
  b'VBG-TL'       0.40      0.33      0.36        12
     b'BEZ'       1.00      0.99      1.00       549
  b'NN$-TL'       0.17      0.12      0.14        43
     b'HVZ'       0.99      0.99      0.99        93
     b'ABN'       0.94      0.87      0.90       681
      b'PN'       0.91      0.88      0.89      1009
    b'PPSS'       0.96      0.99      0.98      4930
     b'PP$'       0.93      1.00      0.96      4799
      b'DO'       0.98      0.99      0.99       380
     b'NN$'       0.57      0.52      0.54       324
  b'NNS-HL'       0.00      0.00      0.00         1
     b'WPS'       0.76      0.90      0.82       650
       b'*'       1.00      1.00      1.00       873
      b'EX'       0.96      0.98      0.97       488
   b'VB-HL'       0.00      0.00      0.00         0
       b':'       0.15      0.09      0.11       204
       b'('       0.00      0.00      0.00       104
       b')'       0.01      0.01      0.01       104
  b'NNS-TL'       0.69      0.76      0.72       129
     b'NPS'       0.77      0.24      0.36       143
     b'JJS'       0.50      0.97      0.66        30
      b'RP'       0.85      0.89      0.87      2365
      b'--'       0.00      0.00      0.00       892
     b'BED'       1.00      1.00      1.00       762
      b'OD'       0.83      0.94      0.88       229
     b'BEG'       0.95      1.00      0.97       109
   b'AT-HL'       0.00      0.00      0.00         2
  b'VBG-HL'       0.44      0.18      0.25        39
   b'AT-TL'       1.00      0.99      1.00       392
     b'PPL'       1.00      1.00      1.00        38
     b'DOZ'       0.00      0.00      0.00         3
   b'NP-HL'       0.33      0.50      0.40         2
     b'NR$'       1.00      0.97      0.99       275
    b'DOD*'       0.96      0.97      0.97       113
   b'BEDZ*'       0.14      0.18      0.15        17
    b',-HL'       0.98      0.96      0.97       408
   b'CC-TL'       0.83      0.12      0.20        43
     b'MD*'       0.98      0.97      0.97       183
    b'NNS$'       0.00      0.00      0.00        83
b'PPSS+BER'       1.00      0.99      0.99       203
       b"'"       0.67      0.40      0.50        25
b'PPSS+BEM'       0.36      0.62      0.45        16
   b'CD-TL'       0.00      0.00      0.00         0
     b'RBT'       0.00      0.00      0.00         0
    b'(-HL'       0.00      0.00      0.00         0
    b')-HL'       0.00      0.00      0.00         0
   b'MD-HL'       0.00      0.00      0.00         2
  b'VBZ-HL'       0.00      0.00      0.00         1
   b'IN-HL'       0.97      1.00      0.99        38
   b'JJ-HL'       0.43      0.23      0.30        13
    b'PPLS'       0.92      0.71      0.80        17
   b'CD-HL'       0.00      0.00      0.00         4
     b'WPO'       0.91      0.16      0.28        61
  b'JJS-TL'       0.40      0.22      0.29        27
     b'ABL'       0.00      0.00      0.00         1
  b'BER-HL'       0.85      0.84      0.84        68
 b'PPS+HVZ'       0.00      0.00      0.00         4
  b'VBD-HL'       0.69      0.69      0.69        13
   b'RP-HL'       0.63      0.80      0.71        15
  b'MD*-HL'       0.50      0.20      0.29         5
   b'AP-HL'       0.09      0.08      0.08        62
   b'CS-HL'       1.00      0.96      0.98        69
     b'DT$'       0.69      0.29      0.41        31
     b'HVN'       0.42      0.83      0.56        12
   b'FW-IN'       1.00      1.00      1.00        51
   b'FW-DT'       0.00      0.00      0.00         0
  b'VBN-TL'       0.78      0.77      0.77       332
   b'NR-TL'       0.00      0.00      0.00         4
 b'NNS$-TL'       1.00      1.00      1.00        23
   b'FW-NN'       0.00      0.00      0.00         0
     b'HVG'       0.00      0.00      0.00         0
     b'DTX'       0.84      0.93      0.89       225
   b'OD-TL'       1.00      0.67      0.80         3
     b'BEM'       0.00      1.00      0.01         1
   b'RB-HL'       0.00      0.00      0.00         0
 b'PPSS+MD'       0.99      1.00      0.99       271
  b'NPS-HL'       0.00      0.00      0.00         0
    b'NPS$'       0.00      0.00      0.00         1
     b'WP$'       1.00      0.97      0.99        35
b'NN-TL-HL'       0.94      0.17      0.29        89
   b'CC-HL'       0.00      0.00      0.00         0
 b'PPS+BEZ'       0.33      0.79      0.47        70
   b'AP-TL'       0.00      0.00      0.00         1
   b'UH-TL'       1.00      0.46      0.63        63
  b'BEZ-HL'       0.00      0.00      0.00         4
   b'TO-HL'       0.00      0.00      0.00         6
     b'DO*'       0.32      0.32      0.32        25
b'VBN-TL-HL'       0.00      0.00      0.00         0
b'NNS-TL-HL'       0.95      0.96      0.96       108
   b'DT-HL'       0.96      0.66      0.78        65
   b'BE-HL'       0.99      0.99      0.99       155
    b'DOZ*'       0.00      0.00      0.00         0
     b'QLP'       0.61      0.55      0.58        89
  b'JJR-HL'       0.55      0.61      0.58       373
b'PPSS+HVD'       1.00      0.50      0.67         4
b'FW-IN+NN'       0.40      0.09      0.15        22
    b'PP$$'       0.00      0.00      0.00         2
  b'JJT-HL'       1.00      0.97      0.99        74
b'NP-TL-HL'       0.77      0.85      0.81        72
  b'NPS-TL'       0.00      0.00      0.00         4
   b'MD+HV'       0.00      0.00      0.00        22
  b'NP$-TL'       0.00      0.00      0.00         2
   b'OD-HL'       0.00      0.00      0.00         7
  b'JJR-TL'       0.00      0.00      0.00         1
  b'VBD-TL'       0.00      0.00      0.00         1
  b'DT+BEZ'       0.00      0.00      0.00         3
  b'EX+BEZ'       0.23      0.38      0.29        13
 b'PPSS+HV'       0.00      0.00      0.00         1
    b':-HL'       0.25      0.25      0.25         4
  b'PPS+MD'       0.15      0.67      0.25         3
      b'UH'       1.00      0.14      0.25        14
   b'FW-CC'       0.68      0.54      0.60        24
  b'FW-NNS'       0.12      0.67      0.21        12
 b'BEDZ-HL'       0.00      0.00      0.00        10
  b'NN$-HL'       1.00      0.60      0.75        15
    b'.-HL'       0.00      0.00      0.00         5
    b'HVD*'       0.96      0.92      0.94        53
    b'BEZ*'       1.00      0.78      0.88         9
     b'AP$'       0.00      0.00      0.00         2
  b'NP+BEZ'       0.00      0.00      0.00         3
b'FW-AT-TL'       0.50      0.50      0.50         2
   b'VB-TL'       0.00      0.00      0.00         1
   b'RB-TL'       0.00      0.00      0.00        10
   b'MD-TL'       0.00      0.00      0.00         1
  b'PN+HVZ'       0.00      0.00      0.00         2
b'FW-JJ-TL'       0.00      0.00      0.00         5
b'FW-NN-TL'       0.00      0.00      0.00         2
  b'ABN-HL'       0.00      0.00      0.00         0
b'PPS+BEZ-HL'       0.04      0.50      0.07         2
   b'NR-HL'       0.00      0.00      0.00         2
  b'HVD-HL'       1.00      0.40      0.57        35
     b'RB$'       0.00      0.00      0.00         1
b'FW-AT-HL'       0.00      0.00      0.00         0
   b'DO-HL'       0.00      0.00      0.00         2
  b'PP$-TL'       0.00      0.00      0.00         5
b'FW-IN-TL'       0.00      0.00      0.00         1
 b'WPS+BEZ'       1.00      0.50      0.67         2
    b'*-HL'       0.00      0.00      0.00         1
  b'DTI-HL'       0.50      1.00      0.67         1
   b'PN-HL'       0.00      0.00      0.00         5
     b'CD$'       0.00      0.00      0.00         2
    b'BER*'       0.00      0.00      0.00         1
 b'NNS$-HL'       0.00      0.00      0.00         1
     b'PN$'       0.00      0.00      0.00         1
  b'BER-TL'       0.00      0.00      0.00         4
   b'TO-TL'       0.00      0.00      0.00         0
   b'FW-JJ'       1.00      0.67      0.80         3
    b'BED*'       0.00      0.00      0.00         1
  b'RB+BEZ'       0.00      0.00      0.00         2
  b'VB+PPO'       0.10      1.00      0.18         1
 b'PPSS-HL'       1.00      0.74      0.85        31
    b'HVZ*'       0.00      0.00      0.00         1
b'FW-IN+NN-TL'       1.00      0.46      0.63        13
b'FW-IN+AT-TL'       0.00      0.00      0.00         4
   b'NN-NC'       0.00      0.00      0.00         4
   b'JJ-NC'       0.00      0.00      0.00        26
  b'NR$-TL'       0.33      0.17      0.22         6
b'FW-PP$-NC'       0.00      0.00      0.00         1
   b'FW-VB'       0.00      0.00      0.00         6
b'FW-VB-NC'       0.00      0.00      0.00         6
  b'JJR-NC'       0.00      0.00      0.00         1
 b'NPS$-TL'       0.00      0.00      0.00         1
   b'QL-TL'       0.00      0.00      0.00         1
   b'FW-AT'       1.00      0.06      0.11        71
    b'FW-*'       0.00      0.00      0.00         1
   b'FW-CD'       0.00      0.00      0.00         1
     b'WQL'       0.11      1.00      0.20         1
  b'FW-WDT'       0.00      0.00      0.00         1
 b'WDT+BEZ'       1.00      0.50      0.67         2
  b'PPO-HL'       0.00      0.00      0.00         2
b'JJ-TL-HL'       0.00      0.00      0.00         1
 b'NPS$-HL'       0.00      0.00      0.00         1
   b'UH-HL'       0.00      0.00      0.00         1
  b'WRB-HL'       0.00      0.00      0.00         0
b'WDT+BEZ-HL'       0.00      0.00      0.00         1
  b'NP$-HL'       0.00      0.00      0.00         2
  b'WDT-HL'       0.00      0.00      0.00         4
  b'DOZ-HL'       0.00      0.00      0.00         1
   b'RB-NC'       0.00      0.00      0.00         4
   b'---HL'       0.00      0.00      0.00         0
  b'PP$-HL'       0.00      0.00      0.00         1
    b':-TL'       0.00      0.00      0.00         2
      b'RN'       0.00      0.00      0.00         1
  b'VBZ-TL'       0.00      0.00      0.00         1
  b'FW-PPL'       1.00      0.50      0.67         2
  b'WPO-TL'       0.00      0.00      0.00         2
     b'NRS'       0.00      0.00      0.00         1
  b'BEZ-TL'       0.00      0.00      0.00         1
  b'PPO-TL'       0.00      0.00      0.00         3
  b'ABN-TL'       0.00      0.00      0.00         8
   b'FW-NP'       0.00      0.00      0.00         5
  b'PPL-HL'       0.00      0.00      0.00         5
 b'PPSS-TL'       0.00      0.00      0.00         1
   b'IN-NC'       0.00      0.00      0.00         1
  b'FW-VBZ'       0.00      0.00      0.00         1
  b'FW-PPO'       0.00      0.00      0.00         6
   b'DO-TL'       0.00      0.00      0.00         6
   b'QL-HL'       0.00      0.00      0.00         1
   b'DT-TL'       0.00      0.00      0.00         2
b'FW-NNS-TL'       0.00      0.00      0.00         1
b'FW-VBD-TL'       0.00      0.00      0.00         2
b'WRB+BEZ-TL'       0.00      0.00      0.00         1
  b'WRB-TL'       0.00      0.00      0.00         2
  b'WQL-TL'       0.00      0.00      0.00         1
b'FW-CC-TL'       0.00      0.00      0.00         1
b'FW-AT+NP-TL'       0.00      0.00      0.00         1
b'FW-OD-TL'       0.00      0.00      0.00         2
b'FW-AT+NN-TL'       0.00      0.00      0.00         2
     b'NIL'       0.00      0.00      0.00         1
b'FW-IN+AT-T'       0.00      0.00      0.00         1
b'PPSS+BER-TL'       0.00      0.00      0.00         1
  b'WPS-TL'       0.00      0.00      0.00         2
  b'HVZ-TL'       0.00      0.00      0.00         1
  b'BEN-TL'       0.00      0.00      0.00         2
   b'RP-TL'       0.00      0.00      0.00         1
b'CD-TL-HL'       0.00      0.00      0.00         3
   b'BE-TL'       0.00      0.00      0.00         1
b'IN-TL-HL'       0.00      0.00      0.00         1
     b'HV*'       0.00      0.00      0.00         1
   b'CS-TL'       0.00      0.00      0.00         1
b'PPSS+HV-TL'       0.00      0.00      0.00         1
 b'DOD*-TL'       0.00      0.00      0.00         1

avg / total       0.87      0.87      0.87    232238

